push_ups = { 6-8: { m: {22:5, 18:4, 14:3, 7:2} f: { 14:5, 10:4, 8:3, 3:2 } 
}}
		6-8 	9-11 	12-14	15-17	18+
		м	ж	м	ж	м	ж	м	ж	м	ж
	5	22	14	28	18	32	22	37	28	42	32
	4	18	10	22	14	25	18	30	24	34	28
	3	14	8	16	10	20	14	24	17	26	20
	2	7	3	10	5	12	8	14	10	16	12
pull_ups
	5	5	0	6	0	9	0	11	0	13	0
	4	3	0	4	0	6	0	7	0	9	0
	3	1	0	2	0	3	0	4	0	6	0
	2	0	0	1	0	1	0	1	0	2	0
press	
	5	22	14	28	18	32	22	37	28	42	32
	4	18	10	22	14	25	18	30	24	34	28
	3	15	8	17	10	20	14	24	17	26	20
	2	8	4	12	6	14	9	15	12	18	14
long_jump	
	5	160	150	180	165	200	185	220	200	230	210
	4	150	140	170	155	195	175	210	190	220	200
	3	140	130	160	145	185	165	200	180	210	190
	2	130	120	150	135	175	155	190	170	200	180
run
	5	0	0	no	no	3.45	3.55	7.15	7.35	7.10	7.30
	4	0	0	no	no	3.55	4.05	7.25	7.45	7.20	7.40
	3	0	0	no	no	4.05	4.15	7.35	7.55	7.30	7.50
	2	0	0	no	no	4.25	4.35	8.05	8.25	8.10	8.20